0.02971
0.041815
0.031576
0.025385
0.03228
0.031127
0.044804
0.030419
0.039047
0.03557
0.032716
0.031541
0.028962
0.044071
0.036239
0.033824
0.036756
0.039449
0.037242
0.027504
0.032515
0.034324
0.0385
0.032439
0.03162
0.054299
0.045352
0.067704
0.03042
0.029536
0.035823
0.04176
0.031808
0.029195
0.042432
0.05046
0.038088
0.02748
0.027844
0.034288
0.03172
0.031026
0.028766
0.029985
0.029884
0.041084
0.030647
0.024896
0.027154
0.035157
0.032279
0.025911
0.031264
0.032644
0.033588
0.031668
0.033573
0.02608
0.035267
0.03448
0.023974
0.029655
0.039106
0.03013
0.034891
0.034058
0.03791
0.030789
0.03536
0.031234
0.044156
0.03204
0.033219
0.031869
0.031631
0.031104
0.037359
0.041766
0.035141
0.035016
0.038144
0.042566
0.03618
0.041587
0.03471
0.040316
0.039542
0.030141
0.051104
0.033849
0.033899
0.033584
0.032618
0.037881
0.028772
0.041763
0.10858
0.10785
0.10819
0.10868
0.10846
0.10705
0.10825
0.10851
0.10839
0.10763
0.10784
0.1077
0.1083
0.10899
0.10966
0.10746
